----------------------------------------------------------------
correct_cnt: 994
total_cnt: 1255
accuracy: 0.7920318725099602
precision: 0.837890625
recall: 0.7067545304777595
F1 score:0.7667560321715817
----------------------------------------------------------------
correct_cnt: 74
total_cnt: 140
accuracy: 0.5285714285714286
precision: 0.48936170212765956
recall: 0.35384615384615387
F1 score:0.4107142857142857
