----------------------------------------------------------------
correct_cnt: 1165
total_cnt: 1254
accuracy: 0.9290271132376395
precision: 0.9980769230769231
recall: 0.8550247116968699
F1 score:0.9210292812777284
----------------------------------------------------------------
correct_cnt: 101
total_cnt: 140
accuracy: 0.7214285714285714
precision: 0.7954545454545454
recall: 0.5384615384615384
F1 score:0.6422018348623854
