----------------------------------------------------------------
correct_cnt: 1158
total_cnt: 1254
accuracy: 0.9234449760765551
precision: 0.9352640545144804
recall: 0.9044481054365733
F1 score:0.9195979899497487
----------------------------------------------------------------
correct_cnt: 108
total_cnt: 140
accuracy: 0.7714285714285715
precision: 0.7619047619047619
recall: 0.7384615384615385
F1 score:0.75
