----------------------------------------------------------------
correct_cnt: 1160
total_cnt: 1254
accuracy: 0.9250398724082934
precision: 0.9605026929982047
recall: 0.8813838550247117
F1 score:0.9192439862542955
----------------------------------------------------------------
correct_cnt: 105
total_cnt: 140
accuracy: 0.75
precision: 0.7586206896551724
recall: 0.676923076923077
F1 score:0.7154471544715447
