----------------------------------------------------------------
correct_cnt: 1029
total_cnt: 1115
accuracy: 0.9228699551569507
precision: 0.9310344827586207
recall: 0.9067164179104478
F1 score:0.9187145557655955
----------------------------------------------------------------
correct_cnt: 111
total_cnt: 140
accuracy: 0.7928571428571428
precision: 0.8245614035087719
recall: 0.7121212121212122
F1 score:0.7642276422764228
