----------------------------------------------------------------
correct_cnt: 1254
total_cnt: 1255
accuracy: 0.999203187250996
precision: 0.9983552631578947
recall: 1.0
F1 score:0.9991769547325103
----------------------------------------------------------------
correct_cnt: 92
total_cnt: 140
accuracy: 0.6571428571428571
precision: 0.6231884057971014
recall: 0.6615384615384615
F1 score:0.6417910447761194
