----------------------------------------------------------------
correct_cnt: 1029
total_cnt: 1115
accuracy: 0.9228699551569507
precision: 0.9105839416058394
recall: 0.9309701492537313
F1 score:0.9206642066420664
----------------------------------------------------------------
correct_cnt: 111
total_cnt: 140
accuracy: 0.7928571428571428
precision: 0.8032786885245902
recall: 0.7424242424242424
F1 score:0.7716535433070866
